p tw 50 734
15 21
7 17
15 30
26 30
18 26
7 35
18 44
8 9
29 41
40 41
8 18
21 37
6 48
11 14
29 50
21 46
11 23
41 42
10 36
10 45
33 47
44 47
2 41
25 43
3 15
14 15
14 24
22 37
3 33
22 46
7 12
36 48
47 48
7 21
18 21
18 30
6 34
29 36
48 49
21 32
6 43
29 45
21 41
21 50
10 31
2 27
25 29
2 36
25 38
10 49
2 45
3 10
25 47
14 19
14 28
14 37
36 43
17 39
28 39
7 16
28 48
9 44
29 31
6 38
29 40
21 36
6 47
40 49
2 13
2 22
10 35
25 33
10 44
3 5
2 49
3 14
22 27
13 46
35 46
14 23
17 25
36 38
28 34
7 11
9 30
5 41
28 43
9 39
5 50
21 22
6 33
29 35
6 42
29 44
40 44
10 12
10 30
25 28
10 39
2 35
32 36
24 32
32 45
13 41
35 41
14 18
16 37
1 48
13 50
35 50
16 46
17 20
5 27
36 42
9 25
5 36
28 47
9 43
6 28
29 30
6 37
21 35
10 16
2 12
20 48
10 25
31 48
13 27
24 27
32 40
1 34
13 36
32 49
1 43
35 45
16 41
16 50
9 11
17 24
28 33
9 29
28 42
9 38
5 49
6 14
9 47
6 23
42 44
21 30
20 34
2 7
31 43
12 39
32 35
16 18
1 29
32 44
16 27
13 40
24 40
35 40
16 36
13 49
24 49
35 49
5 17
5 26
17 28
9 24
5 35
9 33
27 41
27 50
8 46
19 46
30 46
20 29
39 42
12 25
20 38
23 34
2 11
1 15
4 48
1 24
13 26
24 26
16 22
32 39
1 33
24 35
1 42
24 44
16 40
16 49
9 10
9 28
8 32
19 32
27 45
8 41
30 41
11 37
19 50
30 50
11 46
20 24
20 33
12 29
23 29
20 42
4 25
31 42
12 38
23 38
4 34
4 43
16 17
1 28
13 30
24 30
16 26
1 46
5 16
9 14
15 48
5 25
26 48
27 31
27 40
19 36
30 36
27 49
30 45
12 15
20 28
4 11
12 24
4 20
23 33
4 29
23 42
4 38
34 39
1 14
13 16
4 47
45 48
1 23
24 25
16 21
1 32
16 30
15 34
26 34
5 11
46 49
15 43
38 45
7 39
18 48
8 13
8 22
19 22
27 35
11 18
8 31
19 31
27 44
11 27
30 31
8 40
19 40
30 40
11 36
8 49
19 49
30 49
4 6
12 19
20 32
12 28
23 28
4 24
23 37
4 33
1 9
1 18
37 39
14 46
15 20
15 29
26 29
5 6
18 25
15 38
38 40
18 34
26 47
38 49
7 43
18 43
8 17
27 30
19 26
27 39
11 22
8 35
30 35
11 31
11 40
11 49
12 14
4 10
12 23
1 4
22 36
34 38
3 32
22 45
34 47
45 47
3 41
14 50
15 24
7 20
26 33
18 29
7 47
18 47
19 21
11 17
8 30
41 45
4 5
33 41
25 37
4 14
44 50
2 44
25 46
3 27
3 36
37 38
22 49
3 45
14 45
37 47
15 19
7 15
26 28
18 24
26 37
18 33
7 42
18 42
8 16
11 12
40 48
21 44
11 21
33 36
41 49
4 9
33 45
25 41
2 48
3 22
14 22
22 35
34 37
3 31
3 40
14 40
37 42
3 49
14 49
7 10
7 19
7 37
18 37
29 34
8 11
6 41
40 43
6 50
10 20
41 44
2 25
25 27
33 40
2 34
25 36
10 47
33 49
44 49
25 45
3 8
14 17
3 26
3 44
17 46
7 23
9 42
18 23
6 27
21 25
21 34
6 45
29 47
40 47
10 15
2 29
25 31
33 44
2 38
2 47
3 12
32 48
22 25
43 48
3 21
14 21
14 30
36 45
28 41
9 37
17 50
28 50
9 46
6 22
21 29
29 42
40 42
21 38
6 49
2 6
10 19
2 24
25 26
10 37
2 33
3 7
24 39
24 48
35 48
3 25
16 44
17 18
36 40
5 34
17 36
36 49
17 45
6 8
9 41
6 17
9 50
21 24
6 44
2 10
10 32
13 25
32 38
13 34
32 47
13 43
24 43
35 43
16 39
1 50
5 20
17 22
9 18
9 27
5 38
17 40
28 40
9 36
5 47
17 49
9 45
6 21
6 30
21 28
6 39
39 45
20 41
31 41
10 18
2 14
31 50
23 46
2 23
32 33
1 27
13 29
24 29
16 25
1 36
13 38
16 34
1 45
24 47
5 15
9 13
9 22
17 35
28 44
9 40
6 16
27 48
6 25
42 46
21 23
20 27
39 40
20 36
10 13
23 32
39 49
2 9
31 45
23 41
2 18
4 37
12 50
23 50
4 46
13 24
1 31
13 33
24 33
32 46
1 40
13 42
24 42
1 49
16 47
5 10
46 48
38 44
5 19
17 21
9 17
17 30
28 30
9 26
5 37
9 35
27 34
6 11
6 20
30 39
19 48
30 48
42 50
20 22
12 18
20 31
39 44
12 27
2 4
4 23
20 40
12 36
23 36
20 49
4 32
31 40
1 8
4 41
1 17
13 19
4 50
13 28
24 28
16 24
13 37
24 37
35 37
1 44
38 39
5 14
38 48
9 21
27 38
30 34
42 45
11 48
12 13
20 26
12 22
20 35
4 18
31 35
12 31
23 31
31 44
4 27
1 3
4 36
23 49
13 14
13 23
16 19
1 30
16 28
1 39
26 41
7 46
8 20
19 20
8 29
19 29
11 25
19 38
30 38
8 47
19 47
30 47
42 49
20 21
20 30
4 13
12 26
31 39
4 22
12 35
23 44
4 40
34 41
13 18
22 48
45 50
1 25
16 23
26 27
15 36
26 36
5 13
15 45
26 45
38 47
7 41
18 41
7 50
8 15
8 24
19 24
11 20
8 33
19 33
27 46
11 29
30 33
8 42
30 42
11 47
41 48
20 25
4 17
12 30
23 30
25 49
4 26
1 2
4 35
22 34
34 36
1 11
37 41
3 48
14 48
37 50
15 22
7 18
15 31
7 27
18 27
37 49
38 42
7 36
15 49
7 45
8 10
18 45
8 19
27 32
11 24
10 46
33 48
25 44
4 21
1 6
34 40
3 34
14 34
22 47
3 43
14 43
37 45
7 13
7 22
18 22
15 35
26 35
18 31
26 44
7 40
18 40
7 49
8 14
18 49
48 50
29 46
8 23
19 23
30 32
33 34
41 47
25 30
10 50
2 46
25 48
22 24
3 20
34 35
3 29
14 29
34 44
14 38
14 47
7 8
